429357
453239
444516
439307
455700
438187
435637
439310
426897
454329
446237
430501
451790
445211
444188
436679
437185
461591
453135
432181
434083
428426
452759
441205
434342
441959
423925
333330
239203
237920
444279
281938
338681
409723
287177
392451
392450
335596
466508
494870
237782
424940
404788
410336
470371
177324
138404
467700
303188
331297
468795
371705
333987
492758
497063
353754
296976
471117
388890
445452
324980
236436
374574
328487
311089
488554
465964
492350
486876
365791
314399
301129
437775
307195
315905
376585
342021
497485
245515
446458
335703
387438
463012
389925
314837
437433
463118
268148
460319
478219
378140
399786
381635
488546
438092
265061
498354
469991
380264
334008
