191084
191159
190644
886122
191297
191160
967369
886001
191298
635551
190727
842132
40560
749261
190643
842007
190620
191085
432083
867667
632578
13002
190642
204409
419860
180687
268687
905414
84968
86530
517177
833248
947569
42712
85195
191268
548896
68313
191299
517243
109315
358562
190996
566259
842511
566261
598870
191024
628248
85465
307950
955285
965966
191086
310987
684487
818601
191025
466576
957391
362505
957482
104884
105027
124682
190693
190726
472057
472085
518967
629123
723577
955306
126616
190692
191115
466577
750998
842083
867625
889050
964121
107630
190645
348341
426369
747243
946969
391453
470280
489738
546498
635225
723791
750055
854854
124451
130677
180721
190526
